BMEB4;23;94,82
ALUP11;11;56,53
VLID3;10;48,42
GUAR3;25;45,64
SBSP3;24;36,26
TPIS3;15;35,49
CLSC4;25;34,13
EUCA3;18;33,12
ELET3;13;32,34
RANI3;10;31,90
MULT3;21;30,46
PINE4;11;30,29
SYNE3;19;27,42
EUCA4;25;25,80
DIRR3;17;25,29
HYPE3;18;25,17
TECN3;25;24,47
ENGI11;13;24,06
ITUB4;25;23,95
ALPA3;11;23,16
AZZA3;22;23,01
MILS3;22;22,98
BBAS3;19;22,70
ABCB4;24;22,69
PCAR3;10;22,50
PFRM3;23;21,97
DEXP3;13;21,52
EVEN3;14;21,44
ITSA3;19;20,60
BRSR3;24;19,55
ALPA4;13;19,18
BMEB3;25;19,13
POMO3;25;18,68
TOTS3;22;18,66
BPAN4;10;18,62
ITUB3;25;18,05
VULC3;25;17,80
COGN3;10;17,59
EMBR3;24;17,31
WEGE3;24;17,12
CMIG3;11;16,98
ECOR3;25;16,73
CSUD3;24;16,24
POMO4;24;16,14
TEND3;24;16,13
ISAE4;12;15,77
ITSA4;25;15,57
CPFE3;25;15,45
CMIG4;24;15,24
TIMS3;19;15,21
PRIO3;10;14,68
WIZC3;17;14,59
FESA4;16;14,52
RDNI3;20;14,49
ISAE3;25;14,32
SUZB3;14;13,79
BBSE3;20;13,54
ODPV3;25;13,11
EQTL3;10;12,78
CPLE3;25;12,75
BBDC4;13;12,33
TAEE11;17;12,25
MGLU3;25;12,18
LOGN3;20;11,62
EGIE3;18;11,35
GRND3;25;10,96
FLRY3;23;9,84
PSSA3;24;9,25
ENEV3;18;9,12
YDUQ3;25;8,31
TRIS3;24;8,13
LREN3;25;7,68
SLCE3;21;7,40
TGMA3;11;7,40
DXCO3;15;7,35
RAIL3;11;6,83
JHSF3;15;6,50
OFSA3;25;6,45
GOAU3;21;6,11
HBOR3;24;6,02
LEVE3;13;5,96
BEEF3;18;5,95
EZTC3;19;5,77
KEPL3;17;5,65
LPSB3;22;5,63
UGPA3;24;5,58
RENT3;23;5,32
FHER3;24;5,31
RNEW3;12;5,27
PNVL3;11;5,27
MDIA3;22;5,20
MYPK3;19;5,12
FRAS3;12;5,08
SCAR3;25;4,85
CYRE3;13;4,73
BBDC3;25;4,67
ETER3;23;4,56
ANIM3;25;4,02
AMAR3;16;3,98
PTBL3;18;3,85
SEER3;16;3,72
MRVE3;20;3,64
CSMG3;24;3,57
PETR4;14;3,36
BHIA3;16;3,11
GOAU4;16;2,98
VALE3;10;2,83
CVCB3;18;2,69
BRAP3;10;2,56
GGBR3;25;2,51
