MSFT34;10;29,10
BCSA34;10;27,54
PGCO34;10;25,00
AVGO34;10;19,81
LILY34;10;18,25
NVDC34;10;17,73
BKNG34;10;15,77
ASML34;10;15,31
DEEC34;10;14,50
EQIX34;10;14,09
COCA34;10;12,09
VERZ34;10;12,02
DGCO34;10;11,93
ULEV34;10;11,79
CSCO34;10;11,16
BERK34;10;11,05
JDCO34;10;10,96
TSMC34;10;10,47
NFLX34;10;10,41
WFCO34;10;9,89
AAPL34;10;9,45
PEPB34;10;8,87
NEXT34;10;8,06
RIOT34;10;8,04
MSBR34;10;7,64
CATP34;10;7,52
HPQB34;10;7,16
BLAK34;10;6,99
GEOO34;10;6,91
MCDC34;10;6,26
SSFO34;10;6,24
GSGI34;10;5,90
KHCB34;10;5,65
WALM34;10;5,27
